0	95689
1	95653
2	95919
3	95259
4	96254
5	95464
6	95912
7	96423
8	95450
9	96734
10	95095
11	96052
12	96147
13	95345
14	96562
15	95775
16	95952
17	96712
18	95528
19	97097
20	95900
21	95906
22	97273
23	95320
24	96585
25	95684
26	95449
27	95942
28	95120
29	96430
30	95495
31	96438
32	96365
33	95029
34	95715
35	95722
36	95795
37	96347
38	95220
39	97110
40	95851
41	96185
42	96288
43	95326
44	96667
45	95215
46	95523
47	96403
48	94847
49	96917
50	95970
51	95982
52	96617
53	95138
54	96878
55	95339
56	96294
57	96690
58	94998
59	96599
60	95329
61	96504
62	96552
63	95196
64	96234
65	96381
66	96587
67	97183
68	95748
69	96580
70	96320
71	95987
72	96438
73	95363
74	96943
75	95615
76	96065
77	96944
78	95610
79	96773
80	95647
81	96539
82	96809
83	95836
84	96892
85	95865
86	96177
87	96840
88	95674
89	96917
90	95984
91	96095
92	96911
93	95426
94	96628
95	96141
96	96685
97	97326
98	96327
99	96565
100	96180
101	96621
102	96270
103	96196
104	96740
105	96129
106	96179
107	97527
108	95771
109	96809
110	96274
111	96588
112	96827
113	95957
114	96505
115	96422
116	96127
117	96703
118	95767
119	97410
120	96110
121	96919
122	97236
123	95776
124	96928
125	95807
126	96406
127	97052
128	96207
129	96077
130	96173
131	96127
132	97250
133	95483
134	97128
135	96403
136	96261
137	97027
138	96161
139	97163
140	96376
141	96683
142	96848
143	95577
144	96562
145	96357
146	96391
147	97133
148	95504
149	96460
150	96260
151	96347
152	97486
153	96096
154	96523
155	95748
156	96127
157	96802
158	95460
159	96569
160	96182
161	96632
162	96951
163	95610
164	96302
165	96214
166	96049
167	95978
168	95243
169	95920
170	95615
171	95704
172	96114
173	95445
174	95554
175	95546
176	95697
177	96075
178	94724
179	94994
180	95287
181	94780
182	95064
183	94175
184	94773
185	94133
186	94126
187	94295
188	94010
189	93877
190	93454
191	93240
192	93685
193	92502
194	93045
195	92133
196	92361
197	92952
198	91785
199	91253
200	91409
201	91648
202	91233
203	90471
204	91182
205	89944
206	89763
207	89759
208	88754
209	88599
210	87596
211	87143
212	87129
213	86053
214	86176
215	85184
216	84750
217	84151
218	83489
219	83171
220	82698
221	81269
222	81118
223	80122
224	79073
225	78740
226	77270
227	77685
228	75393
229	75145
230	74552
231	73171
232	72766
233	70414
234	69956
235	68994
236	67766
237	66643
238	65285
239	64732
240	63610
241	62090
242	61046
243	59752
244	58888
245	57773
246	57155
247	56026
248	54543
249	53304
250	52312
251	51819
252	51258
253	49944
254	49168
255	48050
256	47455
257	46803
258	46314
259	45859
260	46160
261	45156
262	45157
263	44914
264	44834
265	45136
266	44805
267	45437
268	46107
269	46157
270	47093
271	47430
272	48100
273	48604
274	49452
275	50186
276	50885
277	52079
278	52814
279	53673
280	54815
281	55906
282	57446
283	57978
284	59142
285	60719
286	65714
287	62835
288	63624
289	65399
290	66028
291	67751
292	68535
293	69390
294	70632
295	72505
296	72840
297	74049
298	74388
299	75341
300	76562
301	78018
302	78654
303	79093
304	80012
305	80846
306	81686
307	82126
308	82690
309	83970
310	84425
311	84737
312	85701
313	86381
314	87163
315	87195
316	86985
317	88370
318	88274
319	89277
320	90073
321	89969
322	90553
323	90842
324	91239
325	91704
326	91856
327	92611
328	92309
329	92251
330	93305
331	92996
332	93126
333	93552
334	93393
335	94467
336	94284
337	94605
338	95059
339	95178
340	95187
341	95156
342	95015
343	95010
344	95271
345	96037
346	96199
347	95838
348	95727
349	95785
350	96119
351	96260
352	96129
353	96563
354	96561
355	96673
356	96833
357	96577
358	96902
359	96546
360	96643
361	96224
362	96851
363	97235
364	96418
365	97287
366	97410
367	97164
368	97542
369	96859
370	97752
371	97244
372	97471
373	97741
374	96808
375	97230
376	97389
377	97459
378	97966
379	97273
380	97217
381	97427
382	96887
383	97631
384	97173
385	97537
386	97402
387	97600
388	97440
389	97603
390	97408
391	98115
392	97518
393	98278
394	96784
395	98308
396	97522
397	97176
398	97747
399	97031
400	97852
401	98179
402	97395
403	97949
404	97388
405	97614
406	98014
407	97386
408	98174
409	97284
410	97346
411	97868
412	97456
413	97795
414	97297
415	97058
416	97293
417	97231
418	97635
419	96909
420	97741
421	97836
422	96865
423	97177
424	96773
425	97510
426	97519
427	97498
428	97714
429	97110
430	97095
431	97490
432	96828
433	97845
434	97103
435	97697
436	97322
437	96905
438	98053
439	96299
440	97382
441	97619
442	96680
443	98319
444	97648
445	97412
446	97154
447	97195
448	98264
449	96810
450	97399
451	97385
452	96848
453	97584
454	96358
455	96817
456	97509
457	96147
458	97625
459	96688
460	97264
461	97374
462	96749
463	97718
464	96544
465	96720
466	97357
467	96753
468	97139
469	96604
470	96778
471	97704
472	96676
473	98095
474	95708
475	97594
476	97594
477	95909
478	97919
479	96585
480	96821
481	97286
482	96177
483	97737
484	96251
485	97044
486	97815
487	96188
488	97392
489	97068
490	96754
491	96738
492	95883
493	97305
494	96501
495	96685
496	97014
497	96261
498	97688
499	96189
500	96423
501	96828
502	95620
503	97302
504	96650
505	96805
506	96863
507	96242
508	97981
509	96299
510	96413
511	97301
512	95789
513	97313
514	95765
515	96252
516	97007
517	95732
518	98136
519	96919
520	96907
521	97175
522	95620
523	97223
524	96121
525	96502
526	96918
527	96025
528	98113
529	96136
530	96801
531	96984
532	96022
533	98076
534	96039
535	96293
536	97361
537	95356
538	97285
539	95983
540	96348
541	96718
542	95778
543	97378
544	96020
545	96516
546	96891
547	95759
548	97211
549	96427
550	96683
551	97165
552	96025
553	97987
554	96311
555	96254
556	97398
557	95597
558	97814
559	95927
560	96838
561	97082
562	95666
563	97335
564	96463
565	96691
566	97288
567	95668
568	98177
569	96324
570	96655
571	97918
572	95577
573	97853
574	96293
575	97246
576	97621
577	96039
578	97768
579	96812
580	96952
581	97438
582	95574
583	97783
584	96096
585	97070
586	97237
587	95731
588	98496
589	96555
590	97235
591	97714
592	96515
593	97915
594	96467
595	96826
596	97372
597	95729
598	98059
599	97165
600	96976
601	97813
602	96052
603	98366
604	96336
605	96855
606	97993
607	96156
608	98001
609	96377
610	97360
611	97771
612	95755
613	97607
614	96422
615	97382
616	97994
617	96584
618	98646
619	96874
620	97532
621	98279
622	95694
623	98062
624	96876
625	98222
626	97955
627	96307
628	98223
629	96407
630	97089
631	97845
632	96408
633	98436
634	96764
635	97061
636	97425
637	96169
638	98895
639	97304
640	96804
641	97982
642	96531
643	98787
644	97523
645	97192
646	98485
647	96529
648	98261
649	97091
650	97501
651	98612
652	96017
653	98237
654	96726
655	97214
656	97949
657	96399
658	99002
659	96843
660	97514
661	98283
662	96226
663	98769
664	97309
665	97520
666	98179
667	95971
668	98609
669	97343
670	97391
671	98756
672	96324
673	98628
674	97157
675	97386
676	98058
677	96841
678	98921
679	97375
680	97533
681	98266
682	96769
683	98853
684	96828
685	97035
686	98411
687	96530
688	98794
689	97196
690	97253
691	98059
692	96647
693	98739
694	97579
695	97405
696	98804
697	96794
698	98843
699	97138
700	96931
701	98685
702	96270
703	98159
704	97383
705	97598
706	98052
707	95650
708	98025
709	96480
710	97181
711	97693
712	96445
713	98145
714	96017
715	96852
716	97451
717	95761
718	97454
719	95911
720	96226
721	96953
722	94951
723	97790
724	95493
725	95922
726	96866
727	94768
728	96705
729	94826
730	95118
731	96220
732	93538
733	95378
734	94827
735	94638
736	95034
737	93140
738	90961
739	93266
740	93479
741	94372
742	91787
743	93680
744	92152
745	92130
746	92714
747	89882
748	91623
749	90403
750	89932
751	90605
752	88623
753	90406
754	87978
755	87599
756	88401
757	85957
758	87922
759	85949
760	85030
761	84822
762	83854
763	84820
764	82867
765	81940
766	82108
767	79818
768	80737
769	79268
770	77936
771	77470
772	75458
773	76268
774	74344
775	73381
776	73139
777	70685
778	70959
779	68916
780	67833
781	67795
782	65034
783	65577
784	63000
785	62119
786	61863
787	59243
788	59634
789	57538
790	56502
791	56139
792	53746
793	53871
794	52319
795	51462
796	51262
797	49347
798	49667
799	47902
800	47582
801	47031
802	46377
803	46169
804	45398
805	45510
806	45523
807	44515
808	45433
809	44480
810	45564
811	46024
812	45662
813	46449
814	46138
815	47037
816	48143
817	47911
818	49582
819	50204
820	50872
821	52363
822	52494
823	54574
824	54750
825	55912
826	57843
827	57835
828	59984
829	60247
830	61244
831	63392
832	63730
833	65326
834	65812
835	66995
836	68741
837	68880
838	71244
839	71355
840	72308
841	73840
842	73874
843	76620
844	76085
845	77424
846	78596
847	78059
848	80525
849	79754
850	81114
851	83030
852	82071
853	83953
854	83369
855	84910
856	86089
857	84858
858	87128
859	86605
860	87541
861	88651
862	87011
863	89212
864	88439
865	90004
866	90444
867	89407
868	91671
869	90208
870	90747
871	92030
872	91438
873	92859
874	92198
875	92636
876	93642
877	92637
878	94189
879	92332
880	92883
881	93954
882	93289
883	94694
884	93700
885	94390
886	95011
887	94243
888	96055
889	94470
890	94565
891	95014
892	94459
893	95886
894	94996
895	95026
896	96135
897	94427
898	95634
899	95095
900	96149
901	96610
902	95191
903	96886
904	95011
905	95890
906	96351
907	95103
908	96896
909	95600
910	96087
911	97013
912	95755
913	97590
914	96683
915	95707
916	96787
917	95133
918	97333
919	95958
920	96710
921	96566
922	95995
923	97100
924	96081
925	96805
926	96735
927	95917
928	97660
929	95696
930	96293
931	96890
932	95557
933	97536
934	96081
935	97213
936	96857
937	96162
938	97451
939	95499
940	96610
941	96255
942	95710
943	97286
944	96215
945	96147
946	97221
947	96043
948	97478
949	95883
950	96301
951	96959
952	95944
953	96952
954	95805
955	95921
956	96961
957	95692
958	97096
959	95521
960	96999
961	97175
962	95779
963	97067
964	96030
965	96286
966	97258
967	96032
968	97307
969	95908
970	96462
971	97205
972	95973
973	97015
974	95438
975	97293
976	96869
977	95802
978	97477
979	95517
980	96359
981	96313
982	95692
983	97259
984	95701
985	96078
986	96637
987	95294
988	97022
989	95369
990	96665
991	96784
992	95421
993	97507
994	96408
995	96253
996	96725
997	95811
998	96984
999	95092
1000	96445
1001	96393
1002	95598
1003	96339
1004	95513
1005	96257
1006	96359
1007	95705
1008	96231
1009	95568
1010	96931
1011	96700
1012	95714
1013	96842
1014	95543
1015	96210
1016	96397
1017	95248
1018	96706
1019	95908
1020	96947
1021	96357
1022	95380
1023	96946
