0	134809
1	136137
2	134664
3	134465
4	134984
5	134820
6	135227
7	134832
8	136007
9	135037
10	134596
11	135902
12	134538
13	136334
14	135311
15	135438
16	135710
17	134975
18	136081
19	135436
20	135123
21	136303
22	134817
23	135679
24	135049
25	135159
26	135316
27	134352
28	135548
29	135075
30	134766
31	135613
32	135180
33	135359
34	134849
35	135164
36	135943
37	134455
38	135471
39	134837
40	134861
41	135606
42	134023
43	134963
44	135512
45	135401
46	134781
47	134221
48	135461
49	134903
50	134384
51	135306
52	134642
53	135639
54	134846
55	135524
56	134790
57	134436
58	135423
59	135152
60	135191
61	135547
62	134287
63	135005
64	133867
65	135157
66	135471
67	134661
68	134883
69	134962
70	135237
71	134693
72	134951
73	136156
74	134298
75	134804
76	134990
77	134388
78	135013
79	138435
80	134572
81	135243
82	134375
83	135480
84	133523
85	134211
86	135229
87	134546
88	135614
89	134239
90	134875
91	134665
92	134502
93	134917
94	134476
95	135185
96	135064
97	134697
98	134249
99	134130
100	134461
101	134706
102	134167
103	135016
104	133461
105	134474
106	134867
107	133889
108	134559
109	134161
110	134197
111	134339
112	133813
113	134846
114	133732
115	134245
116	134340
117	134278
118	134172
119	133750
120	134376
121	133725
122	134228
123	134193
124	133821
125	133719
126	134442
127	133485
128	134224
129	133173
130	133920
131	133734
132	133296
133	133962
134	133679
135	133300
136	133827
137	133298
138	133892
139	133143
140	133069
141	132986
142	133433
143	133563
144	132578
145	128876
146	133699
147	132630
148	133597
149	132887
150	132785
151	133657
152	132666
153	133529
154	132780
155	132398
156	133117
157	132555
158	132739
159	131780
160	132528
161	132582
162	131882
163	132492
164	131936
165	131967
166	132583
167	131393
168	131912
169	130904
170	131342
171	132172
172	130840
173	131718
174	130713
175	131605
176	131579
177	130862
178	130894
179	130737
180	130621
181	130623
182	129415
183	130145
184	129388
185	130480
186	130202
187	129283
188	130264
189	129134
190	128791
191	129969
192	128248
193	129260
194	128236
195	128553
196	128272
197	127623
198	128297
199	127587
200	127585
201	127917
202	126675
203	126601
204	125974
205	126456
206	126917
207	124684
208	126076
209	125288
210	125015
211	125414
212	124000
213	124522
214	123388
215	123536
216	123259
217	122052
218	122429
219	121775
220	121283
221	121147
222	120678
223	120689
224	119802
225	119385
226	119036
227	118136
228	117539
229	116463
230	116375
231	115739
232	114221
233	114509
234	112971
235	113317
236	112374
237	110823
238	110629
239	109986
240	108536
241	108387
242	105974
243	105504
244	104425
245	103367
246	102020
247	100460
248	100138
249	98537
250	96469
251	95523
252	93562
253	92705
254	91184
255	89741
256	88682
257	86258
258	84874
259	83359
260	82437
261	81920
262	80501
263	79694
264	77929
265	77595
266	77328
267	76608
268	77002
269	76557
270	76888
271	77961
272	77622
273	78495
274	79303
275	80072
276	81722
277	82190
278	83466
279	85010
280	86241
281	88203
282	89100
283	90660
284	91950
285	93637
286	94584
287	95611
288	97387
289	98483
290	99676
291	101576
292	101955
293	103307
294	103937
295	105279
296	107288
297	107130
298	108605
299	109112
300	110237
301	110519
302	110862
303	112541
304	113145
305	113830
306	114844
307	115014
308	116248
309	116525
310	117634
311	118028
312	117493
313	118309
314	119254
315	119080
316	120249
317	119982
318	120654
319	121037
320	121242
321	122147
322	121812
323	121916
324	123532
325	123315
326	124173
327	123384
328	123826
329	123781
330	123983
331	123985
332	124417
333	125105
334	125200
335	125471
336	125489
337	125727
338	126115
339	126274
340	127853
341	126965
342	126877
343	126351
344	127900
345	127252
346	127292
347	126833
348	127370
349	127949
350	127694
351	128722
352	128098
353	128413
354	129054
355	128408
356	129784
357	128375
358	128969
359	128959
360	128965
361	129503
362	129051
363	129801
364	129569
365	129222
366	129980
367	128704
368	129439
369	129748
370	130407
371	130369
372	130475
373	129340
374	130299
375	130168
376	131506
377	130087
378	130748
379	130742
380	130947
381	131436
382	130240
383	130563
384	130447
385	131001
386	131651
387	131018
388	131074
389	131022
390	131169
391	131559
392	130779
393	131230
394	131514
395	131627
396	131438
397	131120
398	131109
399	132172
400	132209
401	132034
402	131952
403	132189
404	132393
405	132335
406	132749
407	131701
408	132383
409	133149
410	131788
411	132875
412	131892
413	132714
414	132870
415	132736
416	133053
417	132453
418	132532
419	133643
420	132922
421	133248
422	133292
423	132992
424	133949
425	133103
426	133341
427	133014
428	132896
429	133335
430	133309
431	133953
432	133730
433	133832
434	133732
435	133051
436	133829
437	133100
438	134355
439	134112
440	133674
441	134206
442	133710
443	134066
444	134660
445	133676
446	134507
447	133920
448	133887
449	134499
450	134552
451	134066
452	134198
453	134560
454	134846
455	134301
456	134484
457	134180
458	133768
459	135174
460	134256
461	134855
462	134331
463	134089
464	134833
465	134381
466	135383
467	134437
468	134160
469	135443
470	133689
471	135596
472	134516
473	134486
474	134307
475	134707
476	134977
477	134489
478	134315
479	135949
480	134996
481	135191
482	135113
483	134411
484	135363
485	134317
486	135286
487	134764
488	134678
489	135201
490	134599
491	134528
492	135405
493	134528
494	134953
495	134798
496	135106
497	134965
498	134007
499	135903
500	135174
501	135562
502	135377
503	134424
504	135798
505	135037
506	135476
507	135570
508	134978
509	135743
510	134758
511	135749
512	135262
513	134450
514	135714
515	135068
516	135484
517	135383
518	135414
519	135550
520	135176
521	135533
522	135074
523	134736
524	135740
525	135060
526	135322
527	134867
528	134779
529	135085
530	134285
531	134755
532	135986
533	134957
534	135851
535	135575
536	135721
537	134716
538	134857
539	135616
540	134843
541	135754
542	134878
543	134303
544	135407
545	134675
546	134864
547	135385
548	134596
549	135511
550	134508
551	134946
552	135358
553	134537
554	136084
555	135361
556	135444
557	135902
558	134542
559	135433
560	134867
561	135209
562	134976
563	133999
564	135515
565	134781
566	135034
567	135468
568	134253
569	135834
570	134688
571	134990
572	135423
573	134457
574	135400
575	134568
576	134820
577	135390
578	133896
579	135329
580	134185
581	134872
582	135499
583	134614
584	135772
585	134213
586	135131
587	134811
588	134153
589	134800
590	134367
591	135142
592	134925
593	134365
594	135018
595	134445
596	134701
597	134532
598	134492
599	134876
600	134760
601	135095
602	134667
603	134140
604	134462
605	134924
606	134858
607	135396
608	134297
609	134821
610	134234
611	134821
612	134917
613	134311
614	134965
615	133775
616	134132
617	134747
618	133272
619	134323
620	133889
621	133970
622	134160
623	133633
624	134925
625	133923
626	134813
627	134690
628	132977
629	134567
630	134293
631	134265
632	134235
633	132584
634	134178
635	133810
636	134004
637	135107
638	133481
639	135311
640	133468
641	133883
642	133982
643	133437
644	133924
645	134158
646	133345
647	133364
648	132883
649	133933
650	133298
651	133567
652	133113
653	132640
654	133503
655	132503
656	133120
657	133805
658	132718
659	133107
660	133547
661	132519
662	133421
663	132557
664	133722
665	132686
666	132715
667	133455
668	132217
669	132916
670	133144
671	131986
672	133562
673	131864
674	132392
675	131416
676	132155
677	132598
678	131783
679	132829
680	131035
681	132362
682	132018
683	130874
684	132025
685	131815
686	130786
687	131824
688	131459
689	131787
690	130427
691	130411
692	130623
693	130218
694	130532
695	130090
696	130534
697	130837
698	129621
699	130049
700	129873
701	129937
702	129962
703	128967
704	130082
705	129533
706	129584
707	129683
708	128267
709	128806
710	128538
711	128325
712	128788
713	127547
714	128183
715	127235
716	126775
717	128208
718	126423
719	127118
720	126129
721	125435
722	125952
723	125793
724	125793
725	125429
726	123983
727	124455
728	123281
729	124255
730	122889
731	122890
732	123040
733	121584
734	121586
735	120939
736	120733
737	121619
738	119746
739	119253
740	119013
741	117925
742	118402
743	116866
744	117097
745	116105
746	114853
747	115491
748	113758
749	113164
750	112281
751	110693
752	110699
753	109078
754	109160
755	107991
756	106574
757	106549
758	104348
759	103607
760	102761
761	101137
762	100388
763	98906
764	97048
765	96165
766	93823
767	93270
768	92098
769	90442
770	89362
771	87095
772	86474
773	84905
774	82913
775	82492
776	80625
777	80679
778	79287
779	78688
780	78245
781	76696
782	77738
783	77160
784	77047
785	77729
786	76760
787	78170
788	79156
789	80166
790	81955
791	81965
792	84196
793	84666
794	85609
795	88294
796	88543
797	90738
798	92108
799	93011
800	94701
801	95545
802	97834
803	98562
804	99926
805	101286
806	101862
807	104401
808	104259
809	105329
810	107096
811	106595
812	109577
813	109762
814	110341
815	111399
816	111396
817	113144
818	113107
819	114232
820	115207
821	114979
822	116676
823	117128
824	117637
825	118105
826	118579
827	119947
828	119389
829	119360
830	120867
831	120823
832	121962
833	121901
834	122450
835	122688
836	122205
837	123937
838	123421
839	123957
840	124015
841	123824
842	125745
843	124672
844	125106
845	126481
846	124595
847	126032
848	125777
849	126143
850	126658
851	126081
852	127674
853	126778
854	127367
855	127621
856	126569
857	128525
858	127952
859	127946
860	129284
861	128042
862	128657
863	128403
864	128743
865	129499
866	128841
867	129776
868	128884
869	129437
870	130478
871	128500
872	129782
873	129035
874	129617
875	130416
876	129772
877	131009
878	129821
879	130256
880	131119
881	128828
882	131324
883	130187
884	129976
885	131655
886	129733
887	131992
888	130674
889	130851
890	131503
891	130367
892	131781
893	130398
894	130539
895	131907
896	130760
897	131966
898	130867
899	131370
900	132151
901	131458
902	132834
903	131505
904	131866
905	132959
906	131190
907	132775
908	131500
909	132144
910	131981
911	131324
912	132959
913	131805
914	131699
915	132736
916	131526
917	133304
918	133038
919	131415
920	133594
921	131944
922	133808
923	133156
924	131880
925	133439
926	132416
927	133407
928	132995
929	132870
930	133709
931	132800
932	134114
933	133494
934	133290
935	134227
936	132519
937	134274
938	133348
939	133984
940	134340
941	132379
942	134805
943	133948
944	133559
945	134359
946	133408
947	134284
948	133453
949	132903
950	134849
951	133117
952	135054
953	134075
954	134169
955	135208
956	133046
957	134637
958	134348
959	134121
960	135959
961	132805
962	135004
963	134577
964	133275
965	135401
966	133763
967	135242
968	134833
969	134603
970	135980
971	132822
972	135287
973	134177
974	134051
975	135563
976	133772
977	135269
978	134227
979	133476
980	136287
981	133802
982	134837
983	134928
984	133630
985	136145
986	133917
987	134993
988	135384
989	134836
990	136056
991	134042
992	135069
993	134858
994	134176
995	135759
996	133681
997	135555
998	135148
999	134195
1000	136481
1001	133867
1002	136112
1003	135256
1004	134467
1005	136502
1006	133794
1007	135331
1008	135265
1009	134136
1010	135716
1011	134176
1012	135548
1013	135791
1014	134180
1015	136916
1016	134438
1017	135776
1018	135519
1019	134426
1020	136021
1021	134192
1022	135359
1023	135735
