0	56988
1	55680
2	57117
3	56175
4	57563
5	56443
6	55978
7	57857
8	56015
9	57504
10	56933
11	56190
12	57509
13	56014
14	57472
15	57334
16	56127
17	57233
18	55686
19	57419
20	56511
21	55837
22	57367
23	55932
24	57219
25	56581
26	56182
27	57635
28	55798
29	57124
30	56629
31	56167
32	57764
33	55962
34	57285
35	56741
36	55787
37	57715
38	55720
39	57406
40	56659
41	56045
42	56841
43	55759
44	57427
45	56494
46	56065
47	57869
48	55746
49	57350
50	56782
51	55981
52	57676
53	55465
54	57008
55	56899
56	55711
57	57008
58	55548
59	56974
60	56370
61	55769
62	57369
63	55447
64	56971
65	56198
66	56409
67	57336
68	55433
69	57051
70	56332
71	56383
72	57032
73	55519
74	56960
75	56675
76	55746
77	57394
78	55297
79	56886
80	56380
81	55838
82	57518
83	54913
84	56809
85	56096
86	55367
87	57446
88	55458
89	56710
90	56574
91	56016
92	57180
93	55282
94	57195
95	56272
96	55673
97	57329
98	55418
99	56807
100	56367
101	55506
102	57183
103	55503
104	56989
105	56193
106	55563
107	57213
108	55090
109	57185
110	56044
111	55648
112	57161
113	55148
114	56911
115	56048
116	55399
117	56572
118	55335
119	56320
120	55977
121	55805
122	57135
123	55153
124	56553
125	56069
126	55415
127	56782
128	54954
129	56699
130	55909
131	55386
132	56448
133	54971
134	56397
135	55890
136	54926
137	56715
138	54968
139	56439
140	55064
141	54970
142	56370
143	54540
144	56851
145	55335
146	55158
147	56367
148	54332
149	55727
150	55642
151	54802
152	56129
153	54353
154	55877
155	55598
156	54649
157	56087
158	54361
159	55397
160	55157
161	54409
162	55787
163	54365
164	55686
165	54993
166	54544
167	55847
168	54150
169	54957
170	55143
171	54375
172	55698
173	53603
174	55154
175	54580
176	54260
177	54988
178	53627
179	54633
180	54688
181	53498
182	54650
183	53754
184	54402
185	54334
186	53359
187	54691
188	53304
189	53565
190	53591
191	53006
192	53971
193	52509
194	53862
195	53038
196	52673
197	54371
198	52881
199	53369
200	53054
201	51856
202	53288
203	52209
204	52807
205	52659
206	51621
207	52556
208	51120
209	52349
210	51458
211	51061
212	52175
213	51039
214	51713
215	51051
216	49949
217	51322
218	49531
219	50684
220	50014
221	49053
222	50018
223	48980
224	49515
225	48714
226	47696
227	48443
228	47286
229	48224
230	47248
231	46409
232	47521
233	45729
234	46167
235	45566
236	44172
237	45492
238	43476
239	44022
240	43222
241	42558
242	42327
243	41427
244	41037
245	40552
246	39326
247	39429
248	37918
249	37891
250	36889
251	35681
252	35927
253	34349
254	33923
255	32745
256	31928
257	31439
258	30181
259	29945
260	28851
261	27610
262	27279
263	26023
264	25764
265	24915
266	24312
267	24291
268	23435
269	23212
270	22961
271	22880
272	23119
273	22875
274	23536
275	23567
276	23719
277	24603
278	24870
279	25778
280	26313
281	26512
282	28242
283	28449
284	29383
285	30177
286	31015
287	32152
288	32535
289	33663
290	34603
291	34952
292	36333
293	36445
294	37705
295	38448
296	38707
297	40210
298	40095
299	40888
300	41157
301	41242
302	42746
303	42268
304	43641
305	43785
306	43992
307	45611
308	44879
309	45942
310	46027
311	45748
312	47065
313	47021
314	47551
315	47622
316	47262
317	48645
318	48206
319	49313
320	48969
321	48664
322	49707
323	49132
324	50267
325	49969
326	49676
327	51137
328	50210
329	50923
330	51081
331	50691
332	51947
333	51289
334	51986
335	51802
336	51082
337	52684
338	51820
339	52686
340	52590
341	52019
342	53051
343	52110
344	52447
345	52956
346	52204
347	53685
348	52966
349	53096
350	53216
351	52592
352	54457
353	53338
354	54057
355	53807
356	53040
357	54180
358	53426
359	54016
360	53554
361	53759
362	54326
363	53826
364	54165
365	54381
366	53632
367	54678
368	54235
369	54086
370	54235
371	54124
372	54715
373	53965
374	54938
375	54864
376	54277
377	55158
378	54517
379	54866
380	54754
381	53862
382	55390
383	54749
384	55476
385	54625
386	54502
387	55600
388	54990
389	54848
390	55722
391	54696
392	55314
393	54934
394	55458
395	55613
396	54720
397	55688
398	54941
399	54992
400	55891
401	54816
402	56174
403	55444
404	55464
405	55478
406	54730
407	56116
408	55503
409	55680
410	55438
411	54900
412	56024
413	56005
414	55446
415	55558
416	55161
417	55936
418	55286
419	55762
420	55768
421	55031
422	56713
423	55969
424	56343
425	55863
426	55645
427	56067
428	55485
429	56083
430	55653
431	55668
432	55926
433	55696
434	55812
435	56088
436	55716
437	56446
438	55471
439	56134
440	55998
441	55385
442	56580
443	55966
444	55994
445	55976
446	55723
447	56664
448	56447
449	56161
450	56212
451	55591
452	56416
453	55932
454	55994
455	56069
456	55537
457	56683
458	56044
459	55702
460	56079
461	56003
462	56793
463	56033
464	56119
465	56395
466	55744
467	56724
468	55654
469	56299
470	56160
471	56040
472	56942
473	55895
474	55870
475	56190
476	55901
477	56707
478	56200
479	56664
480	56386
481	56141
482	56382
483	56317
484	56136
485	56248
486	56176
487	56534
488	56584
489	56702
490	56496
491	56274
492	56384
493	56256
494	56378
495	56377
496	56235
497	56334
498	56348
499	56039
500	56572
501	55740
502	56672
503	56441
504	55793
505	56960
506	55719
507	56840
508	56270
509	56465
510	56451
511	56259
512	56941
513	56513
514	56001
515	56426
516	56075
517	56539
518	56210
519	56274
520	56795
521	56544
522	57064
523	56741
524	56172
525	56664
526	56399
527	56617
528	56472
529	56264
530	56916
531	55910
532	56429
533	56798
534	56407
535	56725
536	56333
537	56916
538	56576
539	56784
540	55948
541	56523
542	56652
543	56853
544	56553
545	56554
546	56283
547	57076
548	56248
549	56493
550	56003
551	56501
552	56690
553	56304
554	56210
555	56541
556	56286
557	56890
558	56218
559	55983
560	56700
561	56246
562	56861
563	56403
564	55870
565	56576
566	56115
567	56377
568	56205
569	56654
570	56531
571	56680
572	56472
573	56767
574	56085
575	56435
576	56224
577	56236
578	56614
579	56496
580	56653
581	56401
582	56135
583	56280
584	55907
585	56549
586	55972
587	56632
588	56461
589	56011
590	56592
591	55997
592	56467
593	56344
594	55663
595	56549
596	56264
597	56219
598	56464
599	55567
600	56535
601	56606
602	56010
603	56646
604	56435
605	56609
606	56326
607	56387
608	56492
609	55951
610	56350
611	55973
612	56224
613	55943
614	56217
615	56191
616	56395
617	55989
618	56496
619	56225
620	56246
621	55829
622	56240
623	56081
624	55657
625	56187
626	56178
627	56071
628	56414
629	55719
630	56395
631	56053
632	56247
633	56067
634	55740
635	55961
636	56125
637	55862
638	55843
639	55634
640	55938
641	55652
642	55908
643	56251
644	55396
645	56150
646	55683
647	56044
648	56122
649	55339
650	55767
651	55583
652	55866
653	55941
654	55256
655	56037
656	55802
657	56196
658	56309
659	55716
660	55864
661	55623
662	55549
663	55744
664	55576
665	55763
666	55884
667	55800
668	55139
669	55474
670	55931
671	55014
672	55461
673	55413
674	54791
675	55551
676	55300
677	55377
678	55326
679	55208
680	55545
681	55231
682	55629
683	55324
684	54804
685	55734
686	55351
687	55099
688	55091
689	54483
690	55503
691	55260
692	55244
693	54993
694	54164
695	54861
696	54742
697	54392
698	55196
699	53826
700	54763
701	54885
702	54732
703	54639
704	54114
705	54544
706	54502
707	54315
708	54644
709	53507
710	54434
711	54365
712	54127
713	54562
714	53784
715	54198
716	53962
717	53463
718	53970
719	53035
720	54034
721	53458
722	53536
723	53550
724	52988
725	53359
726	52962
727	52828
728	53481
729	52586
730	53184
731	52625
732	52208
733	52927
734	51329
735	51957
736	51597
737	51668
738	51565
739	50692
740	51469
741	51326
742	51636
743	51401
744	50254
745	51307
746	50045
747	50096
748	50372
749	49359
750	49542
751	49255
752	48826
753	49121
754	48058
755	48063
756	48037
757	47371
758	47658
759	46841
760	47160
761	46180
762	45628
763	46094
764	44614
765	44633
766	44251
767	43458
768	43410
769	42361
770	42106
771	41880
772	41368
773	40644
774	39886
775	39745
776	38618
777	37934
778	37568
779	35914
780	35792
781	35344
782	33958
783	33660
784	32190
785	32050
786	30914
787	29892
788	29306
789	27813
790	27552
791	26671
792	26033
793	25774
794	24653
795	24472
796	23947
797	23330
798	23361
799	23062
800	23038
801	23021
802	23121
803	23602
804	23619
805	24542
806	25150
807	25438
808	26245
809	26732
810	27489
811	28472
812	28728
813	30387
814	30842
815	31993
816	32611
817	33146
818	34409
819	34979
820	35960
821	36978
822	37194
823	38537
824	38675
825	39962
826	40599
827	40593
828	41873
829	41551
830	43074
831	42878
832	43004
833	44424
834	44203
835	45534
836	45415
837	45426
838	46679
839	45923
840	47150
841	47788
842	47429
843	48540
844	47782
845	48859
846	49030
847	48788
848	49687
849	49442
850	50321
851	49963
852	49764
853	50641
854	50348
855	50672
856	50882
857	51080
858	52029
859	50992
860	52200
861	52331
862	52006
863	52800
864	51214
865	52753
866	52820
867	51873
868	53069
869	52169
870	53535
871	53402
872	52658
873	53933
874	52727
875	53368
876	53624
877	53180
878	54355
879	53765
880	53898
881	54028
882	53407
883	54464
884	53573
885	54127
886	53943
887	53833
888	54679
889	53610
890	54892
891	55063
892	54070
893	55219
894	54378
895	54914
896	54738
897	54254
898	55379
899	54368
900	55368
901	54795
902	54589
903	55743
904	54349
905	55522
906	55603
907	54388
908	55733
909	54327
910	55432
911	55410
912	55014
913	55777
914	55030
915	55775
916	55735
917	54891
918	56347
919	54664
920	55753
921	56137
922	55489
923	56348
924	55181
925	55820
926	55963
927	55106
928	56713
929	55041
930	56026
931	56198
932	55562
933	56397
934	55180
935	55808
936	56409
937	55257
938	56969
939	55534
940	56302
941	56189
942	55523
943	56718
944	55664
945	56299
946	56457
947	55522
948	56572
949	55426
950	56372
951	56416
952	55657
953	57044
954	55589
955	56420
956	56469
957	55961
958	56981
959	55642
960	56690
961	56592
962	55138
963	57141
964	56239
965	56446
966	56833
967	55637
968	57860
969	55638
970	56909
971	56234
972	55352
973	57417
974	55953
975	56868
976	56299
977	55572
978	56857
979	55470
980	56695
981	56654
982	55978
983	57524
984	55839
985	56259
986	56697
987	55766
988	57451
989	56171
990	56149
991	56846
992	56194
993	57199
994	55795
995	56657
996	57227
997	55574
998	57774
999	56096
1000	56695
1001	57012
1002	55717
1003	57330
1004	55893
1005	56787
1006	56635
1007	55915
1008	57465
1009	56140
1010	56503
1011	57006
1012	55595
1013	57544
1014	55888
1015	56980
1016	57467
1017	55991
1018	57732
1019	56032
1020	56755
1021	57067
1022	55896
1023	57413
