RT=UNDEFINED   LT=UNDEFINED
0	22461
1	22292
2	22623
3	22248
4	22415
5	22288
6	22189
7	22484
8	22381
9	22138
10	22437
11	22135
12	22398
13	22208
14	22350
15	22276
16	22025
17	22424
18	22290
19	22426
20	22570
21	22283
22	22240
23	22084
24	22370
25	22335
26	22212
27	22346
28	22453
29	22289
30	22235
31	22216
32	22351
33	22033
34	22408
35	22541
36	22529
37	22591
38	22295
39	22375
40	22517
41	22402
42	22292
43	22324
44	22446
45	22437
46	22295
47	22642
48	22252
49	22287
50	22298
51	22056
52	22375
53	22309
54	22309
55	22199
56	22232
57	22343
58	22432
59	22373
60	22328
61	22259
62	22452
63	22328
64	22778
65	22558
66	22299
67	22650
68	22395
69	22575
70	22213
71	22087
72	22379
73	22226
74	22413
75	22485
76	22377
77	22350
78	22336
79	22422
80	22643
81	22449
82	22562
83	22208
84	22404
85	22425
86	22146
87	22510
88	22133
89	22564
90	22352
91	22125
92	22309
93	22294
94	22454
95	22322
96	22256
97	22669
98	22456
99	22519
100	22406
101	22157
102	22395
103	22378
104	22174
105	22558
106	22482
107	22406
108	22364
109	22526
110	22476
111	22558
112	22253
113	22422
114	22225
115	22547
116	22488
117	22664
118	22441
119	22310
120	22453
121	22202
122	22338
123	22419
124	22400
125	22506
126	22362
127	22641
128	22631
129	22497
130	22707
131	22315
132	22605
133	22389
134	22275
135	22703
136	22176
137	22659
138	22592
139	22194
140	22407
141	22137
142	22407
143	22404
144	22264
145	22474
146	22346
147	22579
148	22599
149	22531
150	22474
151	21994
152	22528
153	22386
154	22049
155	22605
156	22303
157	22515
158	22574
159	22354
160	22264
161	22499
162	22494
163	22287
164	22322
165	22721
166	22250
167	22443
168	22511
169	22096
170	22336
171	22048
172	22162
173	22435
174	22421
175	22363
176	22299
177	22250
178	22330
179	22101
180	21946
181	22036
182	21946
183	21850
184	21936
185	22199
186	21918
187	21899
188	22131
189	21831
190	21716
191	21662
192	22064
193	21811
194	21681
195	21471
196	21375
197	21625
198	21553
199	21558
200	21373
201	20997
202	21415
203	21237
204	20909
205	21118
206	20926
207	20938
208	20689
209	20341
210	20567
211	20230
212	20333
213	20447
214	20166
215	19966
216	19470
217	19947
218	19604
219	19206
220	19134
221	18868
222	18952
223	18889
224	18493
225	18370
226	17924
227	18066
228	17569
229	17329
230	17380
231	16635
232	16951
233	16538
234	16259
235	16045
236	15554
237	15509
238	15206
239	14905
240	14500
241	14225
242	14103
243	13808
244	13246
245	13000
246	12929
247	12672
248	12169
249	12066
250	11953
251	11625
252	11767
253	11564
254	11077
255	10953
256	10732
257	10665
258	10540
259	10286
260	10511
261	10438
262	10367
263	10435
264	10517
265	10544
266	10503
267	10776
268	10623
269	10617
270	11115
271	11272
272	11472
273	11459
274	11877
275	11974
276	12346
277	12635
278	13090
279	13236
280	13558
281	13457
282	13983
283	14106
284	14442
285	14762
286	14890
287	15097
288	15640
289	15873
290	16277
291	16535
292	16775
293	16900
294	17298
295	17499
296	17787
297	18004
298	18252
299	18251
300	18573
301	18841
302	18919
303	19015
304	19246
305	19379
306	19742
307	19825
308	19930
309	19676
310	20334
311	20450
312	20238
313	20680
314	20646
315	20764
316	20853
317	20972
318	21101
319	20992
320	20916
321	21229
322	21336
323	21431
324	21486
325	21587
326	22095
327	21859
328	21617
329	21612
330	22001
331	21762
332	22172
333	22107
334	22200
335	21976
336	22271
337	22052
338	22416
339	22295
340	22389
341	22514
342	22371
343	22526
344	22289
345	22363
346	22454
347	22513
348	22524
349	22428
350	22617
351	22820
352	22594
353	22679
354	22564
355	22408
356	22686
357	22579
358	22704
359	22480
360	22947
361	22541
362	22954
363	23007
364	23081
365	22748
366	22736
367	22879
368	22847
369	22646
370	22876
371	22925
372	22774
373	22783
374	22996
375	22836
376	23091
377	22980
378	22699
379	22854
380	22812
381	22536
382	22876
383	22771
384	22693
385	22550
386	22840
387	22671
388	22732
389	22720
390	22758
391	22787
392	22965
393	22884
394	22742
395	22942
396	22608
397	22925
398	22869
399	22552
400	22664
401	22885
402	22591
403	22787
404	22856
405	22715
406	22721
407	22928
408	22990
409	23029
410	22739
411	22795
412	22707
413	22906
414	22908
415	22726
416	22735
417	22875
418	22665
419	22905
420	22632
421	22483
422	22767
423	22926
424	22603
425	22720
426	22946
427	22943
428	22754
429	22848
430	22832
431	22740
432	22814
433	22720
434	22672
435	22876
436	22421
437	22696
438	22603
439	22584
440	22978
441	22783
442	22608
443	22729
444	22624
445	22465
446	22785
447	22545
448	22767
449	22522
450	22360
451	22454
452	22649
453	22638
454	22554
455	22707
456	22684
457	22470
458	22567
459	22561
460	22642
461	22825
462	22386
463	22749
464	22490
465	22916
466	22659
467	22571
468	22543
469	22490
470	22522
471	22687
472	22462
473	22702
474	22495
475	22456
476	22616
477	22445
478	22723
479	22663
480	22388
481	22520
482	22799
483	22668
484	22691
485	22662
486	22800
487	22724
488	22704
489	22683
490	22569
491	22465
492	22533
493	22572
494	22439
495	22556
496	22614
497	22794
498	22656
499	22306
500	22614
501	22878
502	22840
503	22574
504	22422
505	22566
506	22535
507	22680
508	22401
509	22533
510	22199
511	22711
512	22507
513	22318
514	22545
515	22579
516	22818
517	22488
518	22590
519	22380
520	22540
521	22381
522	22780
523	22642
524	22352
525	22220
526	22540
527	22281
528	22447
529	22630
530	22503
531	22470
532	22741
533	22558
534	22642
535	22333
536	22492
537	22827
538	22572
539	22815
540	22398
541	22598
542	22632
543	22436
544	22374
545	22471
546	22535
547	22447
548	22547
549	22370
550	22830
551	22759
552	22770
553	22383
554	22461
555	22686
556	22596
557	22718
558	22567
559	22535
560	22782
561	22870
562	22841
563	22722
564	22741
565	22549
566	22731
567	22423
568	22590
569	22530
570	22548
571	22661
572	22687
573	22448
574	22616
575	22438
576	22865
577	22750
578	22684
579	22609
580	22557
581	22727
582	22750
583	22762
584	22638
585	22778
586	22684
587	22731
588	22657
589	22640
590	22496
591	22944
592	22734
593	22875
594	22831
595	22431
596	22600
597	22638
598	22616
599	22620
600	22633
601	22515
602	22902
603	22684
604	22842
605	22464
606	22817
607	23053
608	22610
609	22725
610	22561
611	22443
612	22569
613	22569
614	22660
615	22635
616	23007
617	22498
618	22744
619	22864
620	22455
621	22619
622	22870
623	22497
624	23069
625	22489
626	22813
627	22675
628	22508
629	22905
630	22733
631	22978
632	22887
633	22758
634	23026
635	22725
636	22508
637	22847
638	22776
639	23074
640	22580
641	22977
642	23102
643	22732
644	22983
645	22765
646	22913
647	22814
648	22804
649	22871
650	22782
651	22869
652	22803
653	22634
654	22937
655	22567
656	22978
657	22830
658	22845
659	23025
660	22950
661	22826
662	22461
663	22705
664	22963
665	22666
666	22724
667	22617
668	22926
669	22761
670	22573
671	23113
672	22888
673	22998
674	22944
675	22834
676	22913
677	23003
678	22996
679	23119
680	22955
681	22907
682	22887
683	22676
684	22901
685	22733
686	22861
687	23186
688	22608
689	22940
690	22656
691	22881
692	22755
693	22661
694	22708
695	22794
696	22669
697	22735
698	22655
699	22716
700	22810
701	22521
702	22716
703	22463
704	22927
705	22706
706	22631
707	22672
708	22241
709	22307
710	22294
711	22347
712	22428
713	22454
714	22533
715	22448
716	22257
717	22191
718	21883
719	22151
720	22002
721	22191
722	21892
723	21864
724	21853
725	21640
726	22038
727	21840
728	21387
729	21679
730	21451
731	21332
732	21264
733	21247
734	21414
735	20989
736	20632
737	20707
738	20603
739	20459
740	20445
741	20348
742	20088
743	19773
744	20011
745	19474
746	19518
747	19438
748	18822
749	19262
750	18918
751	18496
752	18304
753	18258
754	18119
755	17576
756	17705
757	17458
758	16766
759	16833
760	16546
761	16200
762	16034
763	15610
764	15649
765	15094
766	14899
767	14626
768	14206
769	13981
770	13780
771	13296
772	13354
773	12775
774	12672
775	12497
776	12127
777	12045
778	11632
779	11372
780	11198
781	10962
782	10771
783	10894
784	10597
785	10680
786	10561
787	10387
788	10351
789	10438
790	10383
791	10177
792	10436
793	10593
794	10746
795	10894
796	10907
797	11177
798	11237
799	11518
800	11683
801	11984
802	12209
803	12168
804	12806
805	12817
806	13049
807	13484
808	13546
809	14124
810	14413
811	14496
812	14807
813	14947
814	15463
815	15775
816	15780
817	16411
818	16385
819	16753
820	17071
821	17184
822	17517
823	17676
824	17871
825	18265
826	18230
827	18804
828	18461
829	18890
830	19189
831	19079
832	19500
833	19610
834	20038
835	19796
836	19939
837	20242
838	20256
839	20293
840	20792
841	20518
842	20913
843	20922
844	20793
845	21035
846	21192
847	21178
848	21324
849	21507
850	21256
851	21321
852	21701
853	21280
854	21736
855	21674
856	21739
857	21927
858	21764
859	21916
860	21975
861	22139
862	22085
863	22262
864	22097
865	21994
866	21935
867	22371
868	22189
869	22608
870	21944
871	22129
872	22510
873	22146
874	22368
875	22413
876	22637
877	22546
878	22403
879	22184
880	22289
881	22393
882	22482
883	22638
884	22321
885	22463
886	22314
887	23014
888	22654
889	22542
890	22424
891	22372
892	22558
893	22343
894	22335
895	22596
896	22516
897	22551
898	22257
899	22413
900	22566
901	22475
902	22425
903	22633
904	22388
905	22416
906	22550
907	22854
908	22311
909	22501
910	22796
911	22715
912	22976
913	22655
914	22578
915	22539
916	22465
917	22405
918	22451
919	22613
920	22706
921	22513
922	22473
923	22638
924	22509
925	22503
926	22617
927	22288
928	22522
929	22552
930	22436
931	22360
932	22701
933	22721
934	22460
935	22711
936	22742
937	22431
938	22857
939	22488
940	22544
941	22542
942	22637
943	22456
944	22496
945	22495
946	22454
947	22653
948	22461
949	22521
950	22462
951	22450
952	22624
953	22019
954	22654
955	22503
956	22524
957	22460
958	22585
959	22519
960	22480
961	22687
962	22451
963	22875
964	22468
965	22452
966	22279
967	22622
968	22332
969	22573
970	22758
971	22250
972	22399
973	22599
974	22524
975	22659
976	22519
977	22588
978	22377
979	22537
980	22649
981	22572
982	22718
983	22580
984	22521
985	22573
986	22343
987	22482
988	22281
989	22209
990	22418
991	22553
992	22688
993	22274
994	22362
995	22283
996	22306
997	22578
998	22428
999	22639
1000	22387
1001	22410
1002	22721
1003	22154
1004	22220
1005	22318
1006	22178
1007	22438
1008	22094
1009	22438
1010	22201
1011	22293
1012	22139
1013	22358
1014	22127
1015	22448
1016	22644
1017	22219
1018	22527
1019	22098
1020	22315
1021	22605
1022	22389
1023	22327
