RT=UNDEFINED   LT=UNDEFINED
0	127149
1	125890
2	126933
3	127978
4	126698
5	127946
6	126502
7	126664
8	127700
9	126172
10	127216
11	126319
12	126970
13	127528
14	126712
15	127359
16	126793
17	126169
18	127835
19	125973
20	127473
21	126647
22	126351
23	127652
24	126093
25	127573
26	126588
27	126830
28	127465
29	126394
30	127519
31	126716
32	126417
33	127755
34	126575
35	127971
36	126497
37	126398
38	127513
39	126167
40	127648
41	126984
42	126740
43	127243
44	126278
45	127054
46	126236
47	126538
48	127317
49	126181
50	128050
51	126610
52	126623
53	127201
54	126967
55	127730
56	127067
57	126885
58	127082
59	126679
60	127114
61	127419
62	126885
63	127249
64	126741
65	127470
66	126726
67	127075
68	126957
69	126669
70	127496
71	126888
72	126006
73	127581
74	126978
75	127488
76	126544
77	127649
78	127569
79	126065
80	127152
81	126622
82	126049
83	127224
84	126644
85	127087
86	126280
87	127412
88	127066
89	126238
90	127241
91	126377
92	125978
93	126543
94	126173
95	127354
96	126443
97	126766
98	127227
99	125744
100	127570
101	126261
102	126941
103	127004
104	126554
105	127593
106	125922
107	126452
108	127363
109	125896
110	127756
111	126195
112	126032
113	127297
114	126035
115	127557
116	126841
117	126553
118	126816
119	126628
120	126967
121	126018
122	126366
123	126940
124	126235
125	127157
126	126337
127	125938
128	126878
129	126530
130	127675
131	127085
132	126459
133	126829
134	126160
135	127761
136	126282
137	126637
138	127881
139	125514
140	127131
141	126398
142	126364
143	127025
144	126061
145	127241
146	126903
147	126421
148	126708
149	125740
150	127856
151	126488
152	126148
153	127207
154	126575
155	126919
156	126332
157	126241
158	125978
159	125342
160	127141
161	126137
162	126617
163	126912
164	125996
165	127692
166	126316
167	126352
168	126128
169	125971
170	127230
171	126306
172	126388
173	126771
174	125691
175	126888
176	126367
177	126079
178	126978
179	125978
180	127358
181	126209
182	125976
183	126512
184	126297
185	126803
186	126168
187	126022
188	126070
189	125843
190	127254
191	126320
192	126826
193	124094
194	123403
195	124390
196	124326
197	123740
198	124136
199	123861
200	127979
201	123977
202	123258
203	123534
204	123852
205	124071
206	123866
207	124375
208	123472
209	123361
210	124436
211	123768
212	123467
213	123927
214	122765
215	124035
216	123243
217	123926
218	123724
219	122790
220	123708
221	123273
222	123335
223	124229
224	123316
225	123991
226	123627
227	123228
228	123953
229	123272
230	123624
231	123178
232	124098
233	123004
234	122231
235	124370
236	123219
237	122798
238	123140
239	123187
240	123743
241	123603
242	123124
243	123185
244	122691
245	123378
246	123292
247	123476
248	123250
249	122284
250	123747
251	122897
252	122712
253	122822
254	122344
255	123472
256	123198
257	123521
258	123280
259	122740
260	123943
261	123004
262	122820
263	123555
264	122444
265	123760
266	122883
267	123504
268	123458
269	122281
270	123812
271	123663
272	122931
273	123846
274	122608
275	123640
276	123105
277	123116
278	123025
279	122589
280	123313
281	123246
282	123122
283	123533
284	122700
285	123327
286	123406
287	123396
288	123447
289	122700
290	123629
291	122665
292	123368
293	123866
294	122469
295	123726
296	123230
297	123530
298	123619
299	122718
300	124009
301	123503
302	123360
303	123468
304	123199
305	123932
306	122902
307	123661
308	123562
309	122364
310	124235
311	123959
312	123597
313	123595
314	122886
315	123844
316	123302
317	123496
318	124172
319	122761
320	123851
321	123506
322	127256
323	123788
324	123290
325	123764
326	123602
327	124107
328	124258
329	123993
330	123675
331	122823
332	123086
333	124094
334	122936
335	124543
336	123632
337	124029
338	124231
339	123530
340	124257
341	123847
342	123655
343	124200
344	123470
345	124236
346	124496
347	123988
348	123945
349	123682
350	124465
351	124093
352	123886
353	124646
354	123666
355	124499
356	124158
357	123861
358	124783
359	124008
360	123768
361	123775
362	124534
363	124318
364	123802
365	124188
366	124858
367	124494
368	123804
369	123441
370	123621
371	123865
372	124375
373	124409
374	123106
375	124687
376	123861
377	124550
378	124275
379	123832
380	124518
381	124088
382	123566
383	124795
384	123524
385	123876
386	124139
387	124151
388	124223
389	123511
390	124393
391	124675
392	123926
393	123564
394	123399
395	124006
396	124043
397	124137
398	124933
399	124016
400	124117
401	124441
402	124129
403	124655
404	124004
405	124267
406	124193
407	124998
408	124531
409	123809
410	124566
411	124407
412	123753
413	124550
414	123386
415	124053
416	124136
417	124263
418	124947
419	123235
420	124645
421	124435
422	124088
423	124477
424	123078
425	124301
426	124606
427	124348
428	124672
429	124146
430	124343
431	124658
432	123464
433	124270
434	123562
435	124834
436	124901
437	124642
438	124384
439	123132
440	124641
441	123988
442	124561
443	124682
444	124120
445	124850
446	123881
447	124133
448	124452
449	123477
450	124686
451	123944
452	124470
453	124526
454	123442
455	124929
456	124370
457	124393
458	124515
459	123421
460	124004
461	124495
462	124045
463	124209
464	123743
465	124514
466	124345
467	124474
468	124791
469	123625
470	124173
471	124666
472	124466
473	124648
474	123654
475	124932
476	124448
477	123721
478	124904
479	123780
480	124393
481	124385
482	124095
483	124174
484	123648
485	124467
486	124224
487	124502
488	124757
489	123773
490	124608
491	125376
492	124717
493	124584
494	124643
495	124184
496	124181
497	124744
498	124829
499	124001
500	124718
501	124260
502	124697
503	124750
504	123460
505	124440
506	124039
507	124907
508	124701
509	124076
510	123839
511	124259
512	124680
513	124629
514	123741
515	124491
516	123706
517	124342
518	124943
519	124239
520	124431
521	124296
522	124772
523	125459
524	123650
525	124811
526	124567
527	124801
528	124417
529	124193
530	124562
531	123976
532	124460
533	125156
534	124163
535	124586
536	124289
537	124475
538	125155
539	123837
540	124448
541	123583
542	124847
543	125178
544	124506
545	124565
546	125207
547	125001
548	125120
549	124072
550	125041
551	124798
552	124319
553	125048
554	123970
555	124466
556	119900
557	125161
558	125087
559	124567
560	125533
561	124034
562	124569
563	124951
564	124380
565	124947
566	124567
567	124380
568	125363
569	124415
570	125226
571	124295
572	124592
573	124661
574	124825
575	124850
576	124140
577	124476
578	125492
579	124377
580	125287
581	124774
582	125226
583	124556
584	124156
585	124395
586	124891
587	124849
588	125027
589	124251
590	124415
591	124172
592	124878
593	125296
594	124154
595	120513
596	124320
597	124264
598	124748
599	124420
600	124365
601	124312
602	124970
603	125274
604	124437
605	124675
606	124790
607	124268
608	124950
609	123723
610	123891
611	123905
612	124272
613	122776
614	121799
615	122836
616	121304
617	122696
618	121903
619	121626
620	122811
621	122064
622	122936
623	121860
624	121597
625	121936
626	122168
627	122967
628	122569
629	121749
630	122946
631	121880
632	122306
633	122150
634	121927
635	122489
636	121597
637	122567
638	122842
639	121621
640	122372
641	121947
642	122733
643	122463
644	122237
645	123150
646	121509
647	122233
648	122036
649	121892
650	122970
651	122037
652	122513
653	122159
654	121945
655	122490
656	121900
657	122484
658	122432
659	121764
660	122743
661	121964
662	122640
663	122180
664	121864
665	122958
666	121901
667	122378
668	121897
669	121659
670	122669
671	121588
672	122415
673	122762
674	118596
675	122526
676	121463
677	122457
678	122720
679	122108
680	122264
681	121406
682	122556
683	122143
684	121392
685	122445
686	122083
687	122592
688	122188
689	122013
690	122550
691	121513
692	122725
693	122386
694	121934
695	122589
696	122275
697	122053
698	122214
699	122115
700	122915
701	121617
702	121724
703	122565
704	122175
705	122291
706	122120
707	122436
708	122344
709	121364
710	122748
711	121704
712	123102
713	121943
714	121640
715	122087
716	121744
717	122926
718	122931
719	121630
720	122384
721	122489
722	122078
723	122070
724	121620
725	121948
726	121717
727	121837
728	121988
729	121699
730	122303
731	121644
732	122269
733	122568
734	121814
735	122394
736	121598
737	121748
738	121263
739	121872
740	121953
741	121308
742	122577
743	122252
744	121939
745	121810
746	121526
747	122419
748	121980
749	121987
750	121607
751	121650
752	122307
753	121871
754	121706
755	121548
756	120906
757	122090
758	121733
759	121412
760	122238
761	121337
762	121980
763	121929
764	121813
765	121283
766	120655
767	121888
768	120810
769	121469
770	121796
771	121361
772	121620
773	121210
774	121353
775	121739
776	121528
777	121602
778	120579
779	121175
780	121152
781	120595
782	120949
783	121701
784	121676
785	121480
786	121315
787	121668
788	120861
789	120855
790	121490
791	120976
792	122008
793	121576
794	121430
795	121381
796	121311
797	121438
798	121143
799	121215
800	121733
801	120955
802	120974
803	121212
804	120914
805	121265
806	118882
807	121302
808	121063
809	120999
810	121338
811	121208
812	121758
813	121752
814	120790
815	121678
816	121399
817	121256
818	120779
819	120827
820	121379
821	121219
822	121277
823	121182
824	121643
825	121202
826	120952
827	121763
828	121261
829	121988
830	122279
831	120608
832	121501
833	121165
834	120955
835	121937
836	120903
837	121360
838	120844
839	121923
840	121835
841	120671
842	121534
843	121271
844	121445
845	121625
846	121075
847	122165
848	121579
849	121451
850	121646
851	121394
852	122883
853	121553
854	121659
855	121630
856	121572
857	121823
858	121478
859	121461
860	121945
861	121227
862	122425
863	121786
864	121302
865	122318
866	121596
867	122088
868	121451
869	122242
870	122117
871	121525
872	121796
873	121720
874	122113
875	121775
876	121437
877	122148
878	121467
879	121976
880	121981
881	121498
882	121404
883	122116
884	122606
885	121852
886	121130
887	121581
888	121704
889	121909
890	121945
891	121593
892	122212
893	122071
894	122563
895	121786
896	121759
897	121961
898	122034
899	122408
900	122169
901	121922
902	121922
903	121995
904	122641
905	122179
906	122360
907	122730
908	121555
909	122341
910	122487
911	121236
912	122119
913	121780
914	122818
915	122414
916	121758
917	123052
918	122030
919	122184
920	121812
921	121715
922	122553
923	121687
924	122760
925	122518
926	122007
927	122193
928	121576
929	122360
930	122283
931	122216
932	122533
933	121745
934	122477
935	121807
936	121698
937	122683
938	121560
939	122911
940	122013
941	121919
942	122684
943	121780
944	122084
945	122841
946	122651
947	121718
948	122065
949	122786
950	121730
951	121485
952	122761
953	122003
954	122397
955	122556
956	122101
957	122569
958	121793
959	122303
960	122123
961	120957
962	122022
963	122153
964	122119
965	122137
966	122167
967	122979
968	122629
969	122135
970	122657
971	121427
972	122513
973	121849
974	122569
975	121973
976	121724
977	122727
978	122350
979	122832
980	122308
981	121958
982	122363
983	122176
984	122509
985	122154
986	121603
987	122471
988	122298
989	123267
990	122672
991	121984
992	122405
993	122569
994	123262
995	122832
996	121818
997	123083
998	122025
999	122074
1000	122178
1001	122079
1002	122489
1003	121711
1004	123010
1005	122389
1006	121747
1007	122464
1008	122118
1009	122459
1010	122420
1011	121544
1012	122614
1013	121396
1014	122998
1015	122206
1016	122350
1017	122545
1018	121808
1019	122664
1020	122278
1021	122198
1022	122749
1023	121767
